141 123
165 117
130 69
155 76
201 88
117 89
160 85
145 87
158 74
199 104
175 56
127 105
195 105
93 78
125 55
136 133
247 130
275 107
166 119
157 107
122 103
183 117
275 129
159 139
156 105
151 115
198 46
173 142
113 78
140 92
152 113
161 112
182 113
212 165
205 84
151 141
152 121
172 101
148 65
136 107
290 120
262 94
167 119
153 84
105 137
198 105
149 128
182 125
191 97
135 118
177 113
216 109
146 128
99 96
174 83
194 97
135 99
186 112
225 82
195 77
149 96
125 85
203 102
118 81
144 80
204 56
235 88
166 103
183 82
152 94
176 106
196 83
199 97
208 105
139 115
136 115
248 159
47 113
285 174
166 105
177 73
216 31
165 60
169 181
86 119
176 72
127 135
171 47
176 84
182 66
179 40
118 117
146 98
180 95
182 72
173 95
110 113
155 87
41 156
189 129
186 116
101 129
137 109
153 89
184 104
150 95
140 112
197 97
182 90
203 95
178 109
135 83
155 108
138 78
172 109
162 157
135 103
203 113
315 92
236 47
215 49
194 81
173 99
135 29
114 73
146 103
114 92
313 121
160 136
143 120
181 120
251 127
144 124
154 109
253 78
213 60
285 89
183 90
115 126
192 94
187 107
293 101
168 85
168 91
53 21
305 146
156 90
142 51
160 78
161 80
152 107
189 99
161 97
172 93
195 97
182 88
182 86
173 84
182 97
171 79
178 93
176 97
168 83
170 91
166 94
185 87
132 93
192 101
96 90
190 88
180 92
167 87
177 91
187 87
215 91
195 63
168 93
136 80
185 98
169 87
178 90
154 97
224 83
194 88
206 86
136 89
208 91
168 97
173 82
103 83
212 90
179 97
143 75
205 89
178 86
177 70
127 73
120 73
121 73
121 73
184 96
173 93
185 85
151 83
163 64
172 79
179 95
210 84
167 88
145 96
169 94
204 106
146 80
182 86
155 99
152 97
182 91
168 95
174 80
177 71
188 115
254 114
207 105
231 91
119 93
201 109
268 92
179 108
154 88
110 78
144 81
184 91
159 95
161 66
174 100
161 72
169 70
180 73
179 83
181 88
199 79
212 127
222 115
209 154
230 150
177 81
168 89
159 76
162 88
174 78
185 92
178 65
31 102
246 113
104 95
143 95
171 99
155 88
127 81
152 93
178 91
179 93
188 96
164 91
173 96
178 94
179 93
178 73
181 87
177 103
179 103
169 97
264 115
152 102 
150 107 
155 107 
153 110 
149 107 
148 105 
158 104 
184 106 
174 109 
144 113 
159 116 
161 110 
156 104 
161 102 
164 101 
160 99 
157 106 
165 102 
139 108 
116 111 
170 104 
177 104 
147 102 
154 104 
170 103 
168 106 
159 112 
182 106 
181 110 
177 110 
233 111 
212 114 
165 109 
186 112 
213 105 
182 113 
169 105 
115 97 
91 100 
53 105 
64 124 
57 120 
64 115 
83 117 
102 117 
115 108 
140 106 
148 107 
153 104 
161 107 
171 99 
165 98 
151 105 
156 105 
149 103 
155 100 
163 104 
155 109 
159 107 
151 105 
150 105 
162 107 
163 95 
164 95 
173 96 
170 95 
186 104 
188 106 
168 103 
179 118 
171 116 
168 113 
56 95 
45 104 
48 107 
150 108 
153 100 
126 113 
194 106 
226 94 
119 99 
157 110 
153 107 
154 112 
154 98 
152 107 
154 111 
155 105 
154 105 
154 107 
151 102 
154 106 
153 101 
147 107 
145 108 
150 104 
156 98 
166 99 
154 113 
146 89 
151 100 
138 102 
152 107 
164 104 
148 105 
143 104 
158 104 
153 111 
156 104 
154 104 
152 114 
150 110 
151 105 
150 102 
151 93 
165 100 
150 112 
155 111 
129 101 
184 115 
135 112 
179 125 
96 114 
154 114 
238 118 
139 111 
71 80 
63 111 
111 126 
121 99 
105 144 
118 103 
155 96 
151 109 
161 89 
153 112 
135 103 
161 77 
263 121 
103 111 
39 102 
91 110 
181 106 
154 104 
175 110 
215 113 
153 83 
141 97 
136 98 
151 103 
151 94 
149 107 
152 96 
150 112 
155 108 
143 125 
167 63 
157 97 
145 102 
143 104 
146 104 
152 110 
152 110 
150 128 
155 112 
171 111 
239 110 
155 106 
164 103 
151 106 
163 106 
150 107 
133 101 
134 102 
139 105 
214 98 
120 104 
145 94 
152 118 
175 107 
159 96 
98 90 
187 128 
169 98 
177 103 
146 104 
122 112 
142 102 
150 105 
144 95 
175 101 
173 104 
163 106 
160 100 
152 100 
178 93 
168 102 
123 96 
139 95 
147 99 
206 98 
165 110 
178 100 
243 119 
137 98 
135 97 
105 99 
147 103 
135 101 
151 105 
131 101 
150 102 
111 107 
187 105 
148 106 
134 105 
146 107 
175 100 
162 99 
157 102 
241 112 
158 91 
161 106 
163 109 
290 142 
134 132 
150 94 
149 93 